0 0
2301911685 1036406563 8601222247 5573238875 1036406563 0775347605
7953154930 2410965424 2301911685 0033766648 2969011922 6782724617 9592786976 1036406563 0958021533 1906860379 2969011922 6782724617 8601222247 7953154930 0033766648 0686684746 5460831827 7214707216 9592786976 5856307533 1330473789 5573238875 3056375127 0958021533 0686684746 5573238875 0033766648 5460831827 1906860379 7953154930 1906860379 1330473789 1991532931 5856307533 1991532931 2969011922 9592786976 0097256640 5856307533 0097256640 7214707216 0097256640 8601222247 1991532931
2098652813 2 0 P1BASE 0 1 0 0 0 2 0 0024560758 2 0 P1LEADER 0 1 0 0 0 2 0
0 0






0 0 0 0 0 0 0 0 DOWN 0 -1 0 0 0 0 0 0 -1 0 0 0 0 NA 0 0 0 - -1 0 0 0 0 0 0 - 0 0 0 0 0 0 0 0 - - 0 -1 0 0 0 0 0 - 0 0 0 0 0 -1 0 - 0 0 - 0 0 0 - -1 0 0 -

0024560758 2098652813
2301911685 0 0 0 1 0 1036406563 0 0 0 2 0 8601222247 0 0 0 1 0 5573238875 0 0 0 1 0 0775347605 0 0 0 1 0
0 0 0 0 0 0 0 0 0 0 0 0


0 0 0 0 0 0 0 0 0 0 0 0 0 0 0 0 0 0 0 0
2383321298 6416685228 9002021213 6416685228 1047592361 9097316363
2703877689 9002021213 5807228000 1047592361 2383321298 9002021213 1994773472 6072239164 2703877689 0705773109 4619930426 9097316363 5562575456 1446471743 1900571801 2703877689 9462361238 1994773472 1575743055 1611702639 5562575456 1446471743 1611702639 3401690666 6072239164 9462361238 1994773472 1575743055 2383321298 1446471743 8395007579 1047592361 1900571801 8691800148 4619930426 9462361238 4619930426 1575743055 8691800148 8395007579 5807228000 8395007579 1900571801 5807228000
0507674993 2 0 P2BASE 0 1 0 0 0 2 0 6088773439 2 0 P2LEADER 0 1 0 0 0 2 0
0 0






0 0 0 0 0 0 0 0 DOWN 0 -1 0 0 0 0 0 0 -1 0 0 0 0 NA 0 0 0 - -1 0 0 0 0 0 0 - 0 0 0 0 0 0 0 0 - - 0 -1 0 0 0 0 0 - 0 0 0 0 0 -1 0 - 0 0 - 0 0 0 - -1 0 0 -

6088773439 0507674993
2383321298 0 0 0 1 0 6416685228 0 0 0 2 0 9002021213 0 0 0 1 0 1047592361 0 0 0 1 0 9097316363 0 0 0 1 0
0 0 0 0 0 0 0 0 0 0 0 0


0 0 0 0 0 0 0 0 0 0 0 0 0 0 0 0 0 0 0 0

0
1
1
1
YESNO 1 -
1





NOPASS 1 - 0 0 MULLIGAN 1 - 1 0 SETDQCONTEXT 2 Would_you_like_to_mulligan? 0 0 YESNO 2 - 0 0 NOPASS 2 - 0 0 MULLIGAN 2 - 1 0 MULTIZONEINDICES 1 MYHAND 0 0 SETDQCONTEXT 1 Choose_a_card_to_resource 0 0 CHOOSEMULTIZONE 1 <- 1 0 MZADDZONE 1 MYRESOURCES 1 0 MZREMOVE 1 - 1 0 SETDQVAR 1 0 1 0 AFTERRESOURCE 1 HAND 1 0 MULTIZONEINDICES 1 MYHAND 0 0 SETDQCONTEXT 1 Choose_a_card_to_resource 0 0 CHOOSEMULTIZONE 1 <- 1 0 MZADDZONE 1 MYRESOURCES 1 0 MZREMOVE 1 - 1 0 SETDQVAR 1 0 1 0 AFTERRESOURCE 1 HAND 1 0 MULTIZONEINDICES 2 MYHAND 0 0 SETDQCONTEXT 2 Choose_a_card_to_resource 0 0 CHOOSEMULTIZONE 2 <- 1 0 MZADDZONE 2 MYRESOURCES 1 0 MZREMOVE 2 - 1 0 SETDQVAR 2 0 1 0 AFTERRESOURCE 2 HAND 1 0 MULTIZONEINDICES 2 MYHAND 0 0 SETDQCONTEXT 2 Choose_a_card_to_resource 0 0 CHOOSEMULTIZONE 2 <- 1 0 MZADDZONE 2 MYRESOURCES 1 0 MZREMOVE 2 - 1 0 SETDQVAR 2 0 1 0 AFTERRESOURCE 2 HAND 1 0 STARTTURNABILITIES 1 - 0 0 SWAPFIRSTTURN 1 - 0 0
0
1 M 1 - Would_you_like_to_mulligan? - 0 0

0 0
1

0

headless-p1
headless-p2
0
1

0


0
0
1773200620

SHUFFLE P1DECK SHUFFLE P2DECK SHUFFLE P1DECK SHUFFLE P2DECK SHUFFLE P1DECK SHUFFLE P2DECK SHUFFLE P1DECK SHUFFLE P2DECK SHUFFLE P1DECK SHUFFLE P2DECK SHUFFLE P1DECK SHUFFLE P2DECK SHUFFLE P1DECK SHUFFLE P2DECK SHUFFLE P1DECK SHUFFLE P2DECK SHUFFLE P1DECK SHUFFLE P2DECK SHUFFLE P1DECK SHUFFLE P2DECK
-
1
0
