0 0
3056375127 0033766648 9592786976 2410965424 8601222247 5573238875
9592786976 0097256640 1330473789 1330473789 7214707216 5460831827 7214707216 1036406563 0033766648 1991532931 5460831827 0033766648 0686684746 9592786976 5856307533 1906860379 2969011922 1906860379 5856307533 5573238875 0686684746 0958021533 1991532931 8601222247 7953154930 7953154930 1036406563 0097256640 6782724617 0958021533 6782724617 0775347605 7953154930 0097256640 2301911685 1036406563 2969011922 1991532931 2301911685 1906860379 8601222247 5856307533 5573238875 2969011922
2098652813 2 0 P1BASE 0 1 0 0 0 2 0 0024560758 2 0 P1LEADER 0 1 0 0 0 2 0
0 0






0 0 0 0 0 0 0 0 DOWN 0 -1 0 0 0 0 0 0 -1 0 0 0 0 NA 0 0 0 - -1 0 0 0 0 0 0 - 0 0 0 0 0 0 0 0 - - 0 -1 0 0 0 0 0 - 0 0 0 0 0 -1 0 - 0 0 - 0 0 0 - -1 0 0 -

0024560758 2098652813
3056375127 0 0 0 1 0 0033766648 0 0 0 1 0 9592786976 0 0 0 1 0 2410965424 0 0 0 1 0 8601222247 0 0 0 1 0 5573238875 0 0 0 1 0
0 0 0 0 0 0 0 0 0 0 0 0


0 0 0 0 0 0 0 0 0 0 0 0 0 0 0 0 0 0 0 0
1047592361 1575743055 2703877689 1900571801 8395007579 8691800148
6416685228 1994773472 5807228000 0705773109 8395007579 9002021213 1900571801 6072239164 6416685228 1446471743 9462361238 1611702639 9097316363 1047592361 9002021213 1994773472 5562575456 5807228000 5562575456 9097316363 1900571801 2703877689 4619930426 1575743055 5807228000 1611702639 9002021213 1575743055 1047592361 2383321298 2383321298 2703877689 1446471743 9462361238 1446471743 2383321298 6072239164 9462361238 1994773472 3401690666 4619930426 8691800148 8395007579 4619930426
0507674993 2 0 P2BASE 0 1 0 0 0 2 0 6088773439 2 0 P2LEADER 0 1 0 0 0 2 0
0 0






0 0 0 0 0 0 0 0 DOWN 0 -1 0 0 0 0 0 0 -1 0 0 0 0 NA 0 0 0 - -1 0 0 0 0 0 0 - 0 0 0 0 0 0 0 0 - - 0 -1 0 0 0 0 0 - 0 0 0 0 0 -1 0 - 0 0 - 0 0 0 - -1 0 0 -

6088773439 0507674993
1047592361 0 0 0 1 0 1575743055 0 0 0 1 0 2703877689 0 0 0 1 0 1900571801 0 0 0 1 0 8395007579 0 0 0 1 0 8691800148 0 0 0 1 0
0 0 0 0 0 0 0 0 0 0 0 0


0 0 0 0 0 0 0 0 0 0 0 0 0 0 0 0 0 0 0 0

0
1
1
1
YESNO 1 -
1





NOPASS 1 - 0 0 MULLIGAN 1 - 1 0 SETDQCONTEXT 2 Would_you_like_to_mulligan? 0 0 YESNO 2 - 0 0 NOPASS 2 - 0 0 MULLIGAN 2 - 1 0 MULTIZONEINDICES 1 MYHAND 0 0 SETDQCONTEXT 1 Choose_a_card_to_resource 0 0 CHOOSEMULTIZONE 1 <- 1 0 MZADDZONE 1 MYRESOURCES 1 0 MZREMOVE 1 - 1 0 SETDQVAR 1 0 1 0 AFTERRESOURCE 1 HAND 1 0 MULTIZONEINDICES 1 MYHAND 0 0 SETDQCONTEXT 1 Choose_a_card_to_resource 0 0 CHOOSEMULTIZONE 1 <- 1 0 MZADDZONE 1 MYRESOURCES 1 0 MZREMOVE 1 - 1 0 SETDQVAR 1 0 1 0 AFTERRESOURCE 1 HAND 1 0 MULTIZONEINDICES 2 MYHAND 0 0 SETDQCONTEXT 2 Choose_a_card_to_resource 0 0 CHOOSEMULTIZONE 2 <- 1 0 MZADDZONE 2 MYRESOURCES 1 0 MZREMOVE 2 - 1 0 SETDQVAR 2 0 1 0 AFTERRESOURCE 2 HAND 1 0 MULTIZONEINDICES 2 MYHAND 0 0 SETDQCONTEXT 2 Choose_a_card_to_resource 0 0 CHOOSEMULTIZONE 2 <- 1 0 MZADDZONE 2 MYRESOURCES 1 0 MZREMOVE 2 - 1 0 SETDQVAR 2 0 1 0 AFTERRESOURCE 2 HAND 1 0 STARTTURNABILITIES 1 - 0 0 SWAPFIRSTTURN 1 - 0 0
0
1 M 1 - Would_you_like_to_mulligan? - 0 0

0 0
1

0

headless-p1
headless-p2
0
1

0


0
0
1773200438

SHUFFLE P1DECK SHUFFLE P2DECK SHUFFLE P1DECK SHUFFLE P2DECK SHUFFLE P1DECK SHUFFLE P2DECK SHUFFLE P1DECK SHUFFLE P2DECK SHUFFLE P1DECK SHUFFLE P2DECK SHUFFLE P1DECK SHUFFLE P2DECK SHUFFLE P1DECK SHUFFLE P2DECK SHUFFLE P1DECK SHUFFLE P2DECK SHUFFLE P1DECK SHUFFLE P2DECK SHUFFLE P1DECK SHUFFLE P2DECK
-
1
0
